2686
43278
8396
43324
43349
14503
31042
14520
43415
40709
43426
684
43496
29852
41671
29885
29910
29096
29953
30026
30045
30095
35419
30112
17083
30132
54990
30142
30210
30294
30318
46307
30341
30372
30398
30426
8118
30446
30447
30451
13880
30477
30483
30525
43515
43516
43589
11904
43643
55262
43652
43659
43715
43737
43757
43759
28533
43781
43784
64673
37441
6010
37473
71595
37485
17547
37487
37540
41867
37557
37563
37628
37638
37698
67157
30568
30606
48902
14655
48920
48934
48965
48977
55010
27425
55012
73870
55016
55052
69370
55074
66487
55135
55161
59893
55189
2369
32907
2388
75033
2414
8971
2485
65708
2589
56199
2620
49577
2663
2699
2722
2725
2760
32055
2769
2816
2880
2921
63269
2975
3001
3026
3028
3038
828
3093
3094
47395
3095
27975
3103
37164
3107
3114
3120
1097
3130
10931
3164
3214
3229
3235
3240
52929
3290
35693
3345
3386
35180
3414
3420
3427
3430
3457
3532
3562
3570
3613
49563
3614
23292
3634
10179
3676
20311
3693
3700
3722
79468
3724
13129
3749
51638
3762
3816
20465
3910
15971
3969
4116
55582
4121
4198
4242
79921
4265
12781
4269
37262
4276
20562
4335
39701
4345
4367
9429
4385
32915
44433
32957
33031
33108
33126
20000
33151
33178
33198
33225
33301
79433
15034
19897
4793
19954
19981
19983
10960
19985
23945
20006
20077
20094
20127
20147
68785
20181
20189
5683
17155
5716
65034
5726
56454
5746
72401
5768
44961
5781
15178
5790
5385
5813
5844
5858
42656
5861
20517
5879
21392
5881
5933
5972
45988
5985
24466
6019
6024
64796
725
64799
76522
35114
76537
76574
76590
32233
17166
32302
16022
74996
16027
16036
16140
34484
16174
25769
16185
16216
16265
16350
16366
13454
16378
16397
78558
16401
5411
69766
5422
41098
5517
73082
5552
5618
34505
5632
5635
75943
6032
14706
6033
6037
6060
16918
6088
6142
53158
6147
6190
6224
6268
6329
31950
6362
60436
6418
18057
6463
53357
6474
6479
33801
6480
6493
6580
6589
6659
6672
6747
6767
34802
6784
6808
12480
2305
12498
18671
12545
12586
12611
12619
12630
12676
12701
12725
68580
12728
12763
12794
12804
12847
72129
12867
73993
12931
14161
12961
13027
342
13093
13108
13154
13196
40886
13241
13242
4933
13311
49585
24990
49615
58849
49640
6858
4672
6878
6896
6903
6917
6930
24275
6949
34313
6965
56921
7022
7069
7103
45056
7251
7253
53833
7255
8537
7286
71685
7332
35588
7366
748
7372
7385
18195
7391
77820
7407
1035
7455
7499
7501
7527
7578
43044
7649
30638
7662
7675
7684
50207
7750
7763
7819
64629
7824
7853
41307
7879
13405
13414
13421
41969
13514
23045
13524
42155
13527
13620
13642
51645
8315
23408
8323
55310
8326
8335
8343
8385
8387
9992
8407
73538
8411
25274
635
25335
24119
25345
25419
25166
25424
34451
34480
48248
34497
45122
16738
45180
7891
7938
7984
58832
8018
8039
8064
8940
8104
75297
8154
8173
73441
8196
45015
8201
41237
8241
70465
8249
17959
8285
16836
8312
4688
28556
4691
13751
374
13797
13806
34258
13830
13856
13890
14791
13937
13942
23506
13944
13962
19256
14001
45941
14015
74002
14049
14051
14060
30908
14061
66388
10055
23860
10110
67004
10266
10270
10284
68273
1685
68276
62932
68339
48157
68370
68384
8416
8432
33611
8441
36901
8476
61708
8558
28010
8561
79957
8578
36531
8614
8650
22533
8651
8666
8719
8725
23068
8727
52680
8769
20626
8772
8840
8844
58409
8873
8893
8923
79690
8938
9032
9033
9034
43850
9158
9284
9402
50951
9537
55349
55414
46644
55418
49044
55471
55483
74359
19475
74384
74405
74412
74418
78215
74430
45410
74487
74491
37177
68617
37210
9561
9582
55719
9584
24229
9621
47810
9666
9684
57436
9715
44723
9727
54951
9779
9807
9822
9828
9829
23444
9830
9851
9898
21171
9931
26867
9989
10292
55605
55654
55695
55713
55716
17334
55739
1252
55874
55909
55931
58945
55935
55937
55952
17589
55966
55968
47645
55979
64174
22634
64248
15377
64257
64276
12285
22372
12289
12303
12344
69624
12353
12363
12415
12439
44346
10293
10308
56877
10318
58745
10322
10328
54017
10375
69721
10377
10400
60947
10418
67470
10439
10502
10554
10598
10617
10676
40113
10724
10733
67217
10736
10759
40008
10838
10842
10957
41722
10976
10984
25694
11006
11022
20905
11081
11117
44925
11194
11222
22469
11225
51537
11277
11362
11373
75147
11402
11432
62751
11460
56377
11472
11538
11539
11586
11625
47901
11633
11636
24010
11712
5210
11739
18487
11757
38178
11772
11774
25739
11824
11851
78894
11872
49273
11919
77830
11952
12002
12013
29163
12023
29617
12074
16940
12109
73930
12135
77272
12147
12164
72294
12271
13720
49173
13744
14072
52998
14146
1994
14223
14271
73866
14287
14288
2096
14293
14304
14313
14352
14375
72407
14386
14406
14408
14434
14469
14525
14539
34640
14545
48876
14548
14630
14695
14762
14880
14889
35732
14894
14930
14942
14959
14960
14968
15046
1090
1101
1107
27931
1174
1224
1279
1295
1344
1401
70746
1520
1542
1566
1589
1659
65799
1682
53243
1705
1759
1807
1819
1863
4937
1876
1920
79329
1928
1971
40214
1990
2007
2009
2013
2048
27577
2136
31162
2150
2158
2228
2261
2265
58405
2268
2270
41004
2314
71708
2344
2348
2365
4415
4448
4458
4521
68933
4524
29130
4547
4566
39215
4640
78552
4649
62037
4715
4763
16804
4803
37367
4895
4917
4968
37759
4974
24933
4995
5037
18982
5047
5048
77618
5069
21793
5090
5105
64945
5145
5185
5189
5199
5211
5315
26854
15153
24652
15185
18159
15227
15229
47026
15252
64162
15265
15267
27440
15330
28773
15336
15363
15374
50691
15388
28697
15453
15468
15493
46639
15570
42468
15595
27659
15630
15632
15643
60017
15705
27685
15719
36537
15743
33490
15747
77399
15759
47451
15768
19357
183
19358
20334
20408
53598
20526
50514
20543
18649
20561
70782
70791
70812
70816
70900
70924
47131
70953
21893
70968
47871
70969
71102
56259
66001
56276
56334
56450
59034
41906
59066
59115
59119
42616
59132
59137
59270
59330
59375
78880
59381
59436
65046
65052
15769
22965
15803
15880
26850
15889
15945
16423
16425
78218
16430
30640
30646
30647
30664
30695
30744
30805
18441
30980
31082
31109
31252
31137
24928
31156
31223
31244
74944
31257
31273
77518
31282
47380
31336
31436
56455
56460
56522
56595
74683
16455
16466
29410
16554
75361
16555
16558
68056
16566
64656
16591
76441
16599
16661
16681
17194
17240
35662
17336
47622
17351
17366
17416
31549
17420
58615
17434
17521
17523
17733
17788
17821
17841
18087
17848
17870
18804
17948
24237
24272
24282
77536
24320
24333
24398
24452
24472
50257
24521
16682
76488
76593
16685
63559
16689
42048
16692
47700
16705
16707
71999
16749
74034
16762
35805
16774
16779
16820
66331
16850
51168
16868
16896
23791
16907
48391
16924
63278
16946
16948
16987
17015
17058
35581
17148
17949
17976
24549
24587
24728
24747
24818
43833
43834
18058
47862
18079
18099
18108
18224
18273
60624
18357
67116
18374
74273
18381
18387
41312
41316
18473
18563
76188
18579
18637
21009
18652
54
18655
27512
18692
18703
18771
39814
18831
18875
19148
18890
18902
73474
73477
73483
73509
73558
73564
73579
44535
44570
44707
37148
44720
44733
44738
44802
44806
44855
18919
18924
77338
19057
19118
53834
19165
19207
19274
19278
60212
19281
19323
19325
19346
44948
19370
19385
72065
72096
72110
72186
72189
72228
72252
22754
72265
36409
72321
72342
56020
56049
65424
56092
73353
56095
36048
56112
56137
56596
69483
56610
56628
56641
56770
19388
19432
19505
68540
19523
59675
19529
19544
19566
19598
65468
19619
19635
19657
56873
25210
56874
20566
20582
20627
42489
20645
52030
19685
19694
19696
19731
19808
19821
20219
20229
20295
60384
20656
25861
20696
20740
20765
20770
51694
20777
72385
72431
72432
72456
72475
27566
72486
72564
29765
20825
20849
20878
20893
20894
35650
20914
20917
77935
20953
53811
21013
21030
49818
21043
21049
21124
21230
57951
21253
21287
21312
49662
21510
49664
34840
49676
49730
49739
49774
49788
49893
74660
21347
21366
21454
21479
43148
21540
21577
21583
21602
21610
35377
21665
21694
21718
21719
41758
21786
47624
21852
23033
21892
21926
22070
22110
22111
41570
22151
76861
22186
22202
22324
64364
22328
42111
22427
46052
22432
22455
22462
22497
22521
22554
22556
53987
22660
22678
22682
22692
22708
22727
22728
22737
22743
22783
65069
44923
44973
45013
64888
45073
45077
45105
45232
45251
45276
46652
24140
46720
35288
46797
53016
46857
46859
62395
46876
46884
46950
78265
46999
29068
40243
29105
29155
29171
22866
22881
22920
58777
22958
23026
23034
23105
23111
23178
23191
23194
23233
23244
42678
42739
42812
42849
65452
42880
42919
42538
42957
42998
43023
43025
43085
43171
23252
23316
23370
74161
23375
23452
23480
23499
23515
77414
23533
74788
23576
23646
23789
31985
23883
24035
24159
24222
24837
71774
71829
71831
71876
71932
71940
78334
42236
74610
42302
42412
24903
24958
24984
24996
53202
25005
25033
25084
63713
25149
72570
72583
32388
72627
72683
72721
72724
68562
33417
68587
68602
25156
69659
25201
36200
25205
25243
25269
25432
32417
25436
25468
25495
66150
25549
25636
25675
78229
25704
25714
55230
25914
25927
25974
25980
26062
26076
38299
26103
26162
26219
26236
26286
78538
26307
26358
26365
39967
26369
26386
56875
56893
26415
26438
26631
26719
26807
26812
26824
26871
26890
59961
26923
69621
26925
48865
145
51411
167
201
71142
230
240
71946
257
305
313
315
351
363
71293
411
432
482
500
504
590
619
636
732
798
63539
804
873
881
1011
46242
26949
27030
27037
56920
35701
35735
35751
35772
35786
35807
36967
36994
37016
37054
62262
37063
60445
27073
53361
27077
27133
28788
63227
28801
28843
28969
29020
29027
29032
29053
29191
33495
33565
33598
60654
60656
60684
65105
60916
35964
60996
61064
39184
27145
57712
27172
27210
27234
27323
27387
27434
27466
27483
27500
27534
27569
27655
27679
37765
37816
37818
50488
37825
37864
37878
27700
61552
27737
27809
27815
27839
65387
27881
51946
27909
27915
52696
27938
27957
42417
43208
27996
28006
28018
28034
28041
28068
28071
73147
73159
73179
73245
28092
60005
28101
74187
74194
74258
74289
74309
74334
53716
74628
52978
74647
74680
74718
74743
74750
74765
74808
74823
48327
49024
48353
48463
48493
48494
49025
49043
49080
49117
49167
28120
43226
28200
28219
28427
28474
75280
28481
28543
28549
51497
28591
28641
75158
75172
43853
75232
54750
75250
75278
75302
32048
39541
32052
32091
68472
32188
28653
36878
28655
68002
28660
28688
29228
29323
29324
29346
67077
29438
29446
29526
29527
29589
29775
29799
72995
29800
29808
29837
29839
31442
31506
31576
31586
31645
31663
69802
31739
54111
31809
31853
31859
31898
31945
31959
35856
31986
32027
47844
32035
32207
32208
32323
32354
32393
32410
77607
77615
77652
77659
77683
77699
77728
77730
77745
77805
47054
47063
32413
32414
32475
32567
67514
32573
32588
70715
32610
32611
32651
32695
32788
32899
33331
33384
33607
33658
54140
54178
66937
54200
54211
54232
54279
54292
54321
54417
54447
54493
54499
69491
54513
54526
66411
54564
54590
75315
54591
54624
54639
54700
54790
54824
54848
33705
33738
33778
33911
77269
34078
63027
34090
34108
62208
34111
42158
34222
34262
37970
34280
34514
34551
34569
34654
34728
60304
34912
34931
40548
34970
35102
35227
71275
35239
35253
35910
35261
35279
35305
35414
62227
35425
35463
35466
35497
39350
35830
35944
49909
57495
49910
79422
49986
50010
71705
35971
35975
56929
56945
56956
56959
56998
71634
57009
57025
57085
57102
50083
57110
57152
57205
57281
57306
57318
57371
68827
68845
72727
48281
72737
36070
63350
36107
36121
36122
36127
36132
36190
36240
36252
36270
36287
36328
36381
36403
76872
77025
77068
77071
77086
77146
36438
43984
66742
44010
44017
53301
44044
44116
44324
36504
49222
49292
49320
49347
49367
49416
49466
49499
49530
50025
50039
50065
50102
50134
50197
50233
50285
50289
50295
50303
50378
36563
36643
64687
79524
42624
36670
36703
37087
50435
37175
37224
37230
37343
37352
54907
37400
57405
37409
37425
73257
37429
37890
37917
37968
38003
38076
38092
38200
38227
38307
38326
38337
38348
38356
38364
38394
38401
38412
38413
54975
38419
38549
38563
38575
66762
38725
38728
78330
38751
38809
38879
38881
45434
39037
39069
39078
39094
39098
39115
39134
39170
39171
52446
39229
53788
39245
39317
39320
61154
61168
61216
42564
61630
43219
43270
64506
41006
61290
39575
39577
39614
39617
79830
39630
39687
39694
39698
39761
39812
76422
39893
39930
39963
40091
44337
44370
60549
44393
42032
45283
45352
45376
45425
42431
45565
45608
74030
74093
74112
74133
74835
41133
74849
74922
74956
74988
74998
75090
40101
40153
40169
40176
40216
40294
40349
40407
40483
68635
40487
40496
40528
40529
63005
40557
40563
68943
68960
40592
40628
40669
41329
40734
57991
40746
40771
40784
58241
40809
40820
66901
40903
40995
41094
41148
41216
41230
73838
41236
41257
41333
41433
41436
41563
41796
41874
41944
41951
41952
41978
54002
42464
42001
42045
42092
42113
57848
42146
42160
42162
42172
42229
45637
45640
45783
45828
45850
45857
45867
46032
46039
46115
73979
46294
47393
46369
46379
46448
46502
46521
46535
46576
46599
47072
47153
47205
47218
47227
47254
47287
77974
47310
68699
68707
76433
68729
58090
68752
68776
47442
53549
47457
47468
47477
71457
47517
47581
57470
78290
57494
57544
57653
57752
57815
62561
57870
57895
57943
57956
64728
64750
47592
47673
47682
47815
78054
47820
47998
48001
48111
48123
48184
48187
48301
50477
50478
50482
67485
66019
67497
67528
50484
50542
50563
50599
50685
50725
50729
50769
50779
50800
50805
50817
50834
50844
50865
50875
50902
51032
51050
51088
51129
51156
51175
63355
51288
51364
51405
51446
69630
51453
51481
51595
51610
52292
51637
51686
51690
51717
51786
51802
51853
51899
51995
52059
52064
52067
52068
52133
52191
52202
52275
52280
55566
52307
52342
52419
52471
52491
52557
52654
52728
52800
52807
52823
52914
52943
52958
60230
52977
53039
53053
53068
53112
53118
53175
53213
53231
53242
53246
53287
53392
53441
53492
53510
53556
53561
53599
53645
53665
53718
53733
53740
53814
57976
53832
63059
63061
63135
67411
63194
63241
63318
61709
18
61720
61864
61896
61922
61938
62001
53858
53870
75313
75400
75437
75520
75595
69649
71305
71363
71494
53875
53947
54045
54079
61293
61297
61307
54862
54873
54883
54912
54928
55211
55511
57996
58147
58233
58249
58329
58333
58355
58357
58362
58483
58519
58523
58556
58573
58585
58608
58616
58635
58640
58693
58734
58800
58930
58937
58975
58993
59002
59007
59501
59584
59586
59648
59654
59689
59901
59999
60026
60064
60110
76621
76689
76750
76767
76776
60153
60257
60432
60484
60486
60578
61308
61327
61339
61470
61483
61517
61564
62010
62039
62046
62068
62101
62140
62160
62264
62339
62346
62362
62363
62465
62492
62523
62549
62551
62614
62656
67185
62676
62782
62792
62828
63521
62854
62869
62870
63384
63728
63779
63785
63802
63888
63913
64007
64151
64298
64368
75635
75680
64370
64422
64426
64446
64475
64778
64806
64836
64842
64848
76243
64871
64957
65023
65176
65242
65249
65285
65290
65301
65345
65371
65374
65397
65429
65431
65484
65507
65530
65589
65608
65641
65644
65669
65706
10
65803
65822
65833
69732
65839
65848
65865
65998
66098
66145
77438
77459
77528
77883
77924
66171
66215
66252
68076
66344
66346
66353
66373
66413
66444
66485
66505
66513
66546
66603
66609
66629
66630
66641
66717
66743
66744
66747
66769
66832
66850
66886
66924
66933
66973
66977
67008
67096
67139
67143
67197
67317
67323
73772
67449
68094
79533
79548
79583
67559
67564
67609
67636
73943
67642
67648
67664
69371
69480
67690
67693
67743
67836
78005
78099
78107
78152
67957
67960
67963
67985
78158
78188
78319
78324
78437
78448
78484
78513
78659
78707
78757
78833
78839
78860
78896
79081
79087
67997
68095
68096
68156
68161
68169
68401
68523
68631
68779
68780
68784
69024
69030
69051
69113
69170
69278
69302
69494
69510
69693
69771
69793
69795
69811
69829
69843
69863
69900
69908
69934
69937
69989
70003
70019
70030
70033
71120
70035
70131
70212
70276
70301
70329
70376
70396
70430
70434
70450
70455
70469
70498
70517
70529
70548
70567
70623
70624
70646
70647
71117
71167
71204
71580
71589
71654
72774
72790
72856
72871
72885
72913
72992
73003
73010
73014
73249
73260
73327
73434
73590
73639
73646
73898
75708
75736
75797
75827
75830
75901
75939
75944
75973
76047
76078
76081
76194
76244
76346
76378
76778
76787
76842
79407
77158
77178
77206
77344
79175
79217
79224
79248
79350
79363
79392
79450
79718
79772
79783
79893
79907
79976
79989
